10636458
8188633
10120447
250085
20698101
3709886
1748860
23036853
-903092
805382
-4923848
-67366
8787145
5047207
15392125
13120959
-1838387
23077776
-1736956
5185405
6368425
8452478
1264678
12615004
247104
6671470
-813151
9564319
24104136
-528537
10501610
11443832
-1355597
-4844090
3252330
9844561
21852855
18931856
21083582
23852989
10554786
9512802
1425739
-9238137
18594619
-10401191
18526461
13456970
9900572
-13985640
10370560
20083903
1168462
12093283
15915588
-14014421
-895276
-12546135
8544564
-3601570
2044428
332918
4087753
11013590
13047623
19221106
1421612
16763336
11735122
4019079
-284387
6311990
15284170
-8784880
8029084
17732598
1268706
-5125930
5018957
1732754
-1722782
5432520
-482783
13256627
5156982
14615383
25350346
4145372
19230365
13497383
16650660
3229286
-629859
487647
15067049
-8923653
2143592
-11129419
2453505
-611889
-4314514
20707943
-1061526
-3134247
15439183
9512802
13245569
-8705965
4396709
16532403
7640192
4737239
2758388
3802598
3273849
586303
145371
15002612
18854344
6109885
5006779
5624775
25988357
11273025
1501382
23284825
14014111
7606440
14900339
22163141
6327239
2039068
17259851
869136
-1082901
192463
-2124642
3173691
233476
22237601
13095241
12271912
22294207
752579
22530829
17922231
-4446875
-241698
13605975
12447915
20389992
1534119
4339908
-6886503
-8320871
-1408953
17738742
23403488
540639
10305971
24501258
-866268
8445300
12523421
16875603
599194
-12319964
-266764
1540393
22368106
2766061
92481
7285119
21675266
2235003
2024863
-3213545
5936793
3076877
26135777
11606106
22704168
7188124
446501
14049318
6838640
4886661
2916959
22293958
-2265747
-2480309
6538241
24192721
-1436466
727816
1022867
342197
19540918
12452496
14964200
5909926
21126499
1416681
8838834
15627147
3242293
-3900814
6938510
11383448
6217482
4645390
2641087
-619683
-2251389
-1738782
3796580
2856884
8432314
-4391270
3411429
-750642
-304525
5769751
22755626
11576760
792797
-4032475
-2599008
-613825
12631510
-2596
3032325
-4937041
15044485
-117926
18620897
523373
19862368
5080757
6744762
14586749
-837946
-3450495
4352996
5339410
18321484
-11445139
8182536
13689177
6753290
-10389528
3395574
-1170693
16180542
7585963
38881
3416511
13408601
15199462
-1408469
2276839
-165536
12662782
-2668309
18811977
9525014
15158686
10272451
23298061
-9140950
-4750168
-6534613
23309978
21664879
329658
21393525
16031256
216602
13111798
3770114
-240437
2620885
-4272819
3752997
18897181
6152346
19578347
7191142
13380580
31084
-2517186
7187426
2125643
-1415325
16220038
2564495
-2946153
-4377552
13236978
-10469560
12516745
7285848
13936189
2324840
-3800799
10240162
636526
5587987
-3251971
10623664
14310839
413701
-2016169
9220906
1507939
-3373119
5845493
-530756
-1681649
24713962
7079756
16360044
-2227973
11563414
3787559
6608090
2128175
19524561
16198395
5290539
-1503594
3211664
16756890
289272
1431011
12974717
2752476
15274828
-2351675
24981133
11215813
5992942
-293165
1193549
1001820
13544381
3262747
8760712
2597770
23215405
514565
-3311913
12570013
19731216
798933
-9446635
-5040585
605479
1726596
-78897
16235324
18023860
12431955
-778669
16854148
2098483
13390261
5793261
15536985
-1658698
6942565
-5776536
-4812821
5116125
1248670
-1334312
2985343
-5758268
14646762
-1230591
1475175
1223497
16210342
8167909
1862731
15707500
21438115
18606132
-928779
19550172
17805635
-2064961
7999063
714592
11400249
-62792
-1556383
-2947730
5929773
27111144
4320639
15971674
-8258596
5689775
6008434
18331354
13754835
12267290
6262005
22534595
15004485
19283898
6830735
7066204
18186923
10485656
12980034
24222825
-3455886
21316822
-2744611
20828753
7738159
11694445
3356594
7891087
11900491
2415960
-91257
1478550
20569980
10626966
5258661
-738748
17714929
7255869
2309287
23704416
2100446
1943511
2060427
-4309092
17344600
-3259729
21908111
-7349312
13429194
-3209817
20415053
-4337253
2932879
4727953
1889841
559884
16343443
-4180021
4572431
22682242
1846011
1313950
421272
-7185768
15526817
273900
14145235
1513782
18737601
4930878
15460300
17758894
-1845899
5401368
180103
8274177
-947593
-5566370
-772272
6217691
-4859542
23282668
20454549
25801996
-2809078
1227332
-8761149
6610969
20881714
11304934
22457416
11624889
1015739
2746184
4279721
-1091344
-6154389
2915888
4516658
602153
23758305
8102452
-5376303
16534068
7641291
18450403
13318798
-10889562
-100040
-6362827
-5469906
-414726
-3241782
11459983
14783786
10611269
-6738156
2168541
-336941
13595660
-148879
24914913
719433
-3180975
6705268
12234291
845356
11932898
7388298
240486
2090015
-2411353
1747364
12316549
11387282
10519227
3371526
-4325369
-12809897
-12981959
7792254
2905379
252401
13914908
12853036
22307261
11087862
14847400
8610328
-1292748
-8505966
1862674
23294219
10135048
7396077
4453191
23331896
-7548079
22841033
-487348
8555729
6892652
94112
5948353
21967263
26070672
20977652
828151
9428708
16743512
10181807
-154614
5198360
2070006
7977630
24320682
-1244035
19965306
24418422
13868693
3185796
12813843
1452027
15105668
3684103
-2292886
6109151
9836835
-8636377
4759387
8911123
1907014
3272795
-1949087
15539535
-9887291
20595873
11303082
5580887
9191589
18473532
10499854
6246297
11305972
10558388
13094186
7587661
-3940901
-5679100
786426
23074176
-11545479
-3447274
-6348670
-2574209
20974860
18812303
10031059
546038
16289404
904469
3659888
16249042
-4169353
11631754
-1908868
4921903
8639142
-6260019
5397616
1583248
13335537
780308
4538159
16607099
925804
-712164
-612593
21811144
22413134
1101881
2555768
23283714
2961872
2590814
8596012
-8025754
4080047
22432185
20607789
-90159
13185630
-1129369
-2915695
-3599005
11433806
4269659
-5138254
426207
878959
-2003557
-138246
-3440923
24516937
5745531
-4183921
4684423
-3207098
2625120
-2028769
8531658
3217674
17845278
13441675
-28398
23278188
430998
625841
-1437749
-5251649
11771640
16007799
5262176
4609321
-992613
4064541
1755392
13410331
4674112
15647016
2147195
20566749
4834898
14152470
18419207
-12150332
-837960
8626841
13016647
7306464
-598075
6318205
-3349169
9027070
2849167
-148670
25192607
8262377
21385094
-3561902
-137640
4858000
10084450
3600889
-1502491
8883969
-3890955
-4945429
6243605
3719393
14286372
8052043
11884449
4998735
5258960
15376725
2363770
-4243037
-6522779
7795928
-1182949
3451117
10439071
4602217
14383327
11287421
6345321
5370200
-340375
15704250
13506387
-3841944
6625002
24619325
8941349
991523
4540684
27334874
14976937
1334248
6314700
6619335
8615997
-3382445
5569622
4316385
-4537207
-8243294
10643857
18281838
18606063
3031150
11346901
15086254
17428130
-1489706
16987899
16765566
910316
11277907
14911826
22609024
8063207
2954770
10264718
10657292
4734927
-3963248
835621
11816482
22993130
5197090
14568102
22072749
18590835
-2863483
4394148
6296454
14022259
8540337
-4857220
19164379
-491153
9994400
-1030241
-1692973
9260561
16931431
15759838
-9968934
2189439
8777862
2362560
17592601
12097502
13244898
6410346
15562251
-945584
-1727208
4436075
6147092
8201427
-3110186
8572638
5276588
-2557987
18507779
22660902
5095232
8927235
190471
-6866525
25652287
6928958
-1692515
681636
5300412
1645
2469997
20476177
10036041
-2141082
127228
14664412
8927220
-7083153
22752503
-558927
-725494
1299866
-4947403
-14912697
1849125
22675360
-1956198
-2401029
-6364537
11470542
-5480883
10908738
15578826
-2209120
1811398
19885370
-6329768
15000092
10545431
1013713
489665
907752
881273
-1465505
16624903
10568908
711056
25542280
13938243
16154534
-1726363
11307492
6611943
13415708
7857648
3039443
-5743938
22217425
13332615
21977337
-11982356
-713033
5593198
1607693
15400709
22254254
2071460
73499
6962116
9041531
-6259527
5255033
6195667
-2482905
10784798
-186231
-775360
3015197
2458831
11181675
11463969
-21744
16811653
24315006
13849719
2566045
1534119
13385403
413701
8735252
-4019385
-5048385
18466307
183307
9419046
18271896
22948936
-858747
-8989156
7944343
591788
-2234621
1564167
18173902
-7347252
4472724
-9517606
12260898
-650399
16373265
2681490
-2091942
26132069
7691270
10444377
-4751606
2731324
8390850
4137427
1746860
17325266
17659579
15256409
12917495
1884979
-11884463
3991132
-8104845
12660564
19282175
19028458
18519140
26325051
6828021
359531
9932936
1591138
13196157
8086569
1238487
22206649
17595938
6335038
18445217
18749326
2598738
8793052
18828769
7182873
14829336
4379273
2371048
1238289
-4371428
-6135286
8005709
-2486834
7304224
21050333
-445168
2791651
2417080
8018602
10569514
6015567
6985509
12385425
7475176
-6688775
19464429
5274559
9303625
19923429
-12222059
19322667
729483
2630526
2643986
8820088
12705158
9049255
19493050
2330349
