-9148667
-14863612
12378387
-4505532
3976448
4118974
5788398
-765889
12587042
-778829
251542
-10123909
-1409879
-5465165
-9029362
-4409287
6805639
-1098601
-10246945
-8136575
-428352
1272506
-1903735
826369
7713836
-12296809
-4939420
-3956202
5980684
8283068
-3770929
1027477
9101839
-1342651
446365
-3300334
751715
6515135
9400873
-7653868
4663023
4304249
6770992
-9576663
-390175
1571161
-6347684
4951704
3078455
5818603
4288031
6707276
7639775
-362240
5252768
3028199
5861948
1476791
9937319
-10275656
2030136
-12117896
-95259
-7958656
472483
5272374
1920945
-11043583
-4009481
873539
-12219104
8895507
1944432
-871667
-5311001
-4653189
-5607798
-3819563
9309281
-2878501
2553178
-642658
-5999723
-11677256
2941723
87448
1360292
4312670
1423872
-835061
916471
-86760
4660148
7188659
8022867
8811252
-9951784
2158474
559391
445599
6137885
2711790
10642349
-3593934
-5197557
998595
3466308
10025834
2767941
748977
1808939
-8551392
-1709008
1789691
12512160
11670723
-994003
3479241
358529
-749163
-1161685
-5721770
3096541
4370419
1633548
-13091142
-9331045
-6447510
2283290
-12795017
1617668
3411968
-8942601
3241508
5206848
1150038
2667974
2072926
-6090130
-2054597
-10186859
-1219396
-7286664
10110615
-4039225
2857686
-1864298
3600538
7238
-6334371
2159530
-1790021
-101538
6474981
3512598
-5391681
-14407414
870492
-3837911
3361734
-4876856
-3565764
-5321522
-9708143
-6975383
-5874955
2224079
-8912347
-9261294
7754653
1976194
-2941744
-4269696
18815
-8878413
-5947098
-7387132
6177017
-9965366
7982610
-946132
-5566045
-7615295
825894
-13424217
8604726
-1248918
-9616781
4086765
7089336
-7290442
1401323
4161305
-11281312
-2322053
7231506
-6235338
6792206
957380
-12239450
6289391
3057261
1875534
4877686
5366626
-2888606
11955601
9317790
10677275
2694807
11671841
2277383
-6022195
2137916
5272621
4900768
4096619
5597307
5790743
-10087738
-1696441
-3639490
-9000993
-3073817
5405898
312470
7813922
11650177
-5334857
3020074
4329489
4436760
-8565724
-1512968
-2318046
14346998
-461060
-12209293
8554525
4616575
-2154273
-210559
-8787532
2414257
845907
-3889610
2548918
-627378
7717163
3030699
901737
764126
5563131
-14688498
-5360725
-11395910
3980073
-2705347
6499900
-6662132
703635
6749129
-61547
-9567903
4524021
351298
5441292
-1859769
-3207287
7291192
1309764
4172291
1502770
4262008
-3877516
6891095
-14934495
902778
14656651
-393928
-102995
7311100
9420660
-4737441
-3990364
-4555371
-12286724
5152865
14098773
5426364
-3988862
-2095
1376664
-119581
1122064
-625737
4732987
9739804
-3438617
-4215828
9083409
9940703
4044029
-13676224
9652568
1945633
676229
5784811
901867
7663497
2658118
4895308
-9874992
-147992
-1372061
-11374676
-3187618
-9193395
-4054923
559023
8194533
7473754
10774051
2835253
3397281
2108913
15373319
-2740987
4382012
-15036
-753943
6609179
3113339
1079584
363874
519608
292322
-3051504
601505
3288540
64036
-5740517
4750020
6016687
710655
3455951
5392529
-5964185
5599290
7495370
-2403956
2584721
-12429437
10158561
3959719
5033613
-8473456
-383776
4355289
7070375
2386909
-5712323
-2958996
-306857
-2042889
-946132
-7384448
-203649
9867931
-9999942
-3745847
4488577
82706
5707001
-1313127
2397649
16381482
-8476707
-4727642
-1267525
-172879
-5004863
-401984
-857359
-2731626
3251879
-664678
7152702
8339457
1906115
-544893
124322
-5830969
12717746
1845925
3436630
1711710
1271972
5225109
6156635
10818173
873463
8835206
-4441628
-14238473
2009995
579113
-6936872
7504942
6820204
7500975
6413517
2462956
-5107423
8487811
-15261522
-3068572
7252455
3223116
-1003526
-778829
-5359278
14379778
4439393
-7172939
9410435
-3206796
-8839728
-2235486
9606983
-3025052
-3220976
414888
5502770
-6663211
674644
-9861565
890605
-9549613
-1213996
739597
2068319
-1328207
938348
-9147419
-1630483
5948280
7480239
3243147
1743029
1358873
9179618
7189451
2256908
3983111
2704640
11091968
-12626224
-7613278
10348259
-1186395
768423
6487591
3545383
7447490
-10587880
-8551041
-12210069
481639
5565004
5658828
-15530781
-4512892
4031528
7319881
2431608
-4906964
5191821
2823407
11147641
3688038
-13667143
-4019384
2107631
1677157
6473867
-2658070
-2243164
-2499130
6511090
507682
5252188
-1053772
-15525655
-1165454
-6935070
5352820
2527475
2459763
-3016672
-1292300
7694014
7980039
9664708
-4267877
12965099
-221795
-5059265
3691940
3465850
6587148
-3888354
2634815
6583708
5933381
452464
-2481485
341340
7894233
1319834
5657715
3166354
-676739
-4463427
-7585316
4950130
-2095353
-1544341
-6284403
-4553112
-3658633
4585978
-12845435
625175
-2200511
4642493
-10179865
-651485
13187255
-3702687
1217454
3099509
6386722
1737365
2221660
3395734
-813595
-4778237
-12272133
-146772
-1857852
-6287828
8510956
-2749442
861336
10692020
-5330817
-332806
1956400
-3929129
6518130
337143
-2057949
-4329100
-4553332
6765761
8429900
6039275
-43505
494962
4106899
2469323
9937779
8494253
-6358263
14934090
319768
-3309386
-10690735
2876790
3690716
-2933794
-4693235
4941448
284841
-2154558
-7364564
2374293
6515157
2056953
1884492
-3725146
3865215
11736297
10831243
6487938
-4366496
3675452
4476665
1296656
2635030
13668764
-1747544
5531493
-2988739
1293109
12427516
2462331
8882100
3448071
3616019
-2939655
-952524
2724029
-114003
1103470
-6961028
3166056
12701213
-4765514
4469197
1207583
-5922182
-10773338
-3068309
-8727514
2170860
6601621
9588018
905429
6897560
8931232
-12061927
3161590
-4573865
4710014
1311661
-857359
-9879196
-3678446
968652
-10690653
8164886
5928966
2984297
1981078
7615120
2289989
-1494911
-3715722
3428311
6519367
13832745
-2681938
-14842289
5373521
-1407474
-4173107
-4875526
1446553
843780
-6928978
-4131366
5931619
1232580
437288
2966884
-12687433
-7253679
1121084
5136345
5746233
-12170207
-8020029
8634995
1280508
3628787
18758805
5972965
3926364
5048275
-12517994
9341797
1767225
-1788292
1756947
-857359
1981295
-765512
5599690
1643656
-12318865
5086895
876572
4081407
-5360565
-14307749
-3291768
-5371211
-7590616
-474818
8970264
4140864
-12289838
2450028
4654748
5555873
-1896182
-1880125
224971
-22139
6781429
3771819
-8789951
-614381
-4547702
730235
5048482
7235990
2533212
2163149
-6272643
3538051
288085
-9245306
1054156
-1879177
2558818
6654616
-5288601
-5613983
4943032
5109509
-5584021
-5829072
721880
-6935516
1489265
6099089
3021489
-1224192
1324555
745904
-4227389
8577915
-3460105
256586
7047822
6455534
-8872460
2159870
10673430
-6472576
-10041989
-13831656
3275758
3301947
697481
8906669
2228698
-7857373
-6573858
-3017580
5420716
-11222786
-4145080
-10439443
5391784
3530786
566180
-11313143
7630452
4767036
8160167
958695
-9438491
1989952
6052668
-6022759
-11513293
1780123
3925896
-5005861
-7670698
543777
5173774
3159736
3268405
5255517
2955353
-2340958
4435113
2530052
-3275339
6745242
2652185
750324
641183
2537127
-3719982
-8755955
-387743
3350681
1690442
-2367875
-4374282
5702156
5790125
-1193669
486524
7138031
5306293
3904378
-3009325
2825139
11357141
-1005683
3705986
-2129286
10583250
599514
-10213219
8743750
-1012075
-7103095
-10758106
2867716
-4716232
-7325410
2445736
907592
-1895266
9623174
-1450602
-2891069
1549810
-6449953
1155595
11532455
12837377
1615197
-4007067
1287076
5167229
1888375
6131753
4397606
3337383
6983211
2133945
-1202124
-7744031
9526467
6615125
1470065
6002193
6950932
1308415
121153
1118303
3245504
-859132
16384484
4080774
-926927
3746499
4582820
-16596499
-1431894
1675251
-2539149
117256
15976959
5348085
330275
2853348
2200201
5560373
-6650553
1193139
6986007
-2145472
-9757577
-7319808
-7446455
5169241
-5861573
-4093075
-4661477
-2391754
-2166038
4885634
-4473705
-8603383
-4121295
-962534
12987148
5190341
14377375
-4024258
-5879778
2265620
3013578
619437
-805737
2098876
-2686344
3855077
-13521949
16329699
2605946
1521289
5144021
3255309
4690135
9994244
-7586294
-2514605
-4696551
5052845
2259857
-198701
1780718
6962929
8808901
2641334
2411571
2295825
1910388
-2307007
1264221
997273
10748713
2292897
5705657
-10204157
-14100993
2916581
2971149
1827200
1138307
5629217
6521755
-12825515
-11697475
12303179
8004500
-4116685
-3827819
7585008
-962534
-5668140
3928569
2879461
-3384816
11490990
2759275
7975928
-1723345
-10245810
-11244895
-3707937
1614965
-1815400
4612062
793216
-367506
3537168
-6212526
1842384
-4225999
2650445
949007
-6648130
-2107889
-3707644
13205224
3068091
436261
-744834
14525109
9261329
-1614393
6910875
12554823
-8773128
1767018
3806800
2881698
-3439684
611908
4777377
1256634
-2026855
12153682
-697454
-10878361
960890
2906524
-267952
