50 50
00010001011000100010000011010010010000001010110101
00001101001001001000000000100000000011010000001000
01000000001010001100101001001001100010001101111101
01011001010100000110101000001100100001000000010010
01000100110000101001100100010100010001001011111100
10100000010100000000000100010100011111000011000110
00010011100000000000110010010000000100100110000000
10100100100000000000000110110001100011000001100000
10100110000110100000111101110100010000000000110001
00011010100000000000000110000011100100011101001001
10000100000001000001100100110001001000011001000101
00010100110000000101000110010010000001001001010000
00100000001000010110001110001000000000010000000011
10000000010000010000010000100100000001111100000001
01011011001000000001011110000110101011000000101100
00000000010100001100000001010000011011000010000000
11001000111100000011000110011010100000110101110110
01101001000110000000000110110100001001001011111110
01000101001000000011000001011000001111000100000100
00001000000000101011000000000101100001001001010000
10000001010011100000110010001000010000101010000010
10101000010000001001101000010000110010000000001000
01000100001010101010101000010010000000101011000000
10000101100000000000011000001000101000001100001000
00010001100100100001010110101110001000000001000111
10010110011000010000000000011011011001010101000000
00001001001100011110100011010001011110000000010000
00100011001100001000110100010011001010000110000010
00001010100101101001110000011100010111000101000000
00001000000000100111100010011001010010010101100100
00000000000100100000100001000001010001001000000011
10100100000000010100000000001010100100000100001101
00000000111000010001110000000011000000100000000000
10000000000110001100000101001110010010100000100000
11100100000100000000000000000101000100001001000000
01010000001000000111101010100000000001100000000010
01000101000001000100000001000011001001110101010011
10011101001010000000100101110001010101110000000000
00000010100000011110101000100010011101000001000000
00000101000001011010100011000000100010100000110001
00011101010111010000011100100000100100001001110110
00001100011111000100000001001110100100100000000000
00000100011000001010000010100011011010100001000100
00110101000111000000111001100001011000010000110000
00011010000010001110000001001110000001010000000100
10000001010100001010110001011000000000011100010111
10011010000010101001100010010001001100000010100110
00010001011000110000010010010010000010000100010000
11010010010110000001000000100001000000001000001100
10000001010111001001000111100000001001010010100000
