100 100
0010000011010111011100010010000111111000100100000011000101110001001101101000010011000101000010110001
0111110010101110010001010001101111111110100010000101011110000110011010100100011000100011100000010100
0001111101010101011101100000110101101000111011010011010101001011001000100010010101111110000001001101
1001100011110110010000001000100111000010101010100010101001100110101101000101110110110100000000001001
0110100100111001001011110100000100011001010111100101110110000001100001111100001001000010011011010100
0001011001110010001100110100101111110010110100111100000000100100100010000000001110001100000000000011
0000101011001110100110011001100000001010100111100010001100110101100100010000101001000110011100110000
0110011010110100001011001011110011010000010000011000010000001000010101001000111000110101000010011101
0011001101111101010010100011100011001000000100010010000011101100001011000011000010000001000010010000
0010001000101101000001010001001100011000001000100110101000010110010111101100001010011110010000000111
0110111100011101011011110001101001100110000100111011111011000000011011010011111000010000010011011001
0111100000110010000000000110111100100110111000101011011010000100111100100000000001001011000100000010
1001010011000110001011010101101101100000100101010011100110000010110000011101010101010110000110000101
1101000100001010001101010000111010000001001001000000010101001001001000110001011000101111001010011001
0111000100100100010100100001110101000100000100001010010010010010001001011011000000001010010011000000
1000110000011100000001101010000001001100111100100000000100000010010001111101000111000011110000001000
0101100100100111000001000001000010101001100000111001010000000010000110001000001101000000011000010011
1110001100011010100101001001001111000010000001101010100001110100000001011000110110010000100000011010
0011110010001001000000001100000000001101111110010001000100001110010000000110001000100100000101000011
0000010001001000100010000100000010000011001001110101111011011100010000101010101100100111000000101010
1101111000001111010001111010111001000000100100000001011111000110110100111001000010001000001011000000
0011100011101000101100010100000111010110010110100001111001000111100001000010011111100000010011111010
1100000100000101010001100100001000101000000100011010010010000001111011001100100010011100100111100000
0011010001011010011000011101010010111101000000001000101001101010110011010101110000000110010110100010
0001000001000101010001000010010010001000101101100011011011100111000001001001001010010000100000011010
1100001001011110010010000011100000010011110101111100011101010010001110111110001100100001011100000101
0100101001111010001000000110010100010100010111111100011001010110101111000010000011000100100110110010
0101101000001010000001001010111101001101000010100011110111110010000000001010001010111111100100011001
0010001001101001000010001000011110100100011011100001111100110001010011111000100100011010110001001000
1011001010111001000010100001011001000000111111010000001010010010100111100100000000110101110101100000
1010000101010000010000000110010111010000001100101100011011000010010000100001100100001101010011001000
0000000000101011100100000011100000100110110101111110110111010100110000000110100100111100100001100111
1010000001001000000110000000100011110010000001111010010110000000000111100000000100100011010000000101
1000001010110011111001101011010101001100001001100111101001010010000000101101101000110001000000010010
0001100110110101000100110010000010101010010010010001000010011101001111000000001101000111101100010000
1001011100000000000011000101100000000010000000011000010111001100001000110110001110001010100010000111
0010000000100011010100010111110110011111000101001111110000100000111010000000001000000001101011111111
0001001000010000010010001001110100100110010011000110001011100000000111001101010000101001110011010010
0011110000111000000110010000110000000000000100110001011110000010001011001100110010001010010101000001
0111001000011100111011001101000111101000000110110000010010100101011100000101011101100001011000101000
1010010001101000001100011000111100000101000111001000000111011100000000101010010001100100011000000100
0110011010110010111011000110000000101110011000001001010000000010011001000011011000011010001010100100
1011000001100111101100000110110110010000111100101000001111001010010001010001000010000111001000101100
0000100000001011100000001001101001111000000010001000100001110110101000011001100100001000110111000101
0000001101011010101000000110011000000001011110100110010001111001101111100010000100101001000011111110
0001100010101110011110000010000001001100000000011100101011100111011100000001001010001001001001000001
0100000000100001111010100000001010000001101001100010101001011000110000000010000111101000000000010110
1101011111010000100000110110100010101101011111001010100000100101101000101000100011100000101010011000
1100000011011100101000011000010000101110110000011101101101100100000100111001110011001010100000110010
0100101100100111010001000101010100100111001001010110000011010000000101100010000100011000100001011000
0000010011011010100101100010000111011100010001111000010001100100000100010000010000011101000011100100
0000111100101110101001100111000011110110001100000001001110010110000100000000000000011110100001110010
0100111000001110100000010110010001100000101000011100001000111100000011000101100110010101010000101110
0001011111111001111101001101000010000011111111011001010001001010011001010001111101111111100000010000
1001011100100110000010111001011001010110011011000100100011000000110100100100100100000000100101111001
1011100000110011111101111000000010101000000010000000110100000001000001110111010100010110100100110010
1001000010100011100001110010001001110011010100100010100000000101000011110001011111001000100010100010
0001100100001010011001101111001100011001010001010001110000010111000100101000000001100000000000000001
1000001001000001011000100111001100011111000101100011100011111110110000001101010001010110100011110001
1101011011011000000100101110011010110110100010010000101100000000111110101011101100001001010001010001
1010101100100100011010011011011010100000000000000100010011010010101010100010000110110010101100000101
0101101010000000001110000100000000010100000101010000010010010010011000010000010111001000000001100010
0100000101010001000010011100010001110000111110100001100110101001011110001000000100000100000100000100
1010101010000000001010010011010011011000001110100101110100110000110010011111001100001110110011000001
1011101100100110010011000110010101101000110000100100110000011011010000111001010001100100000100000100
0011011111011101100010101101110101110101011011010000000000001101111100000000010011000010101101000010
0101000000010010100100101110000011011001100100101000000111010001011100001100000000000000110000000000
1110000111110000000011010010011100011000011011100110100111000100101110000000111100101110001110010011
0110000000010000000000100011010000011001110000110000011011011100000011100111100001001100010000010010
0001000010100010100111110110011001100001001111010100100100010000001011110011100001001000111010010100
0100110000010001000010000010000011101001111000110010001010000110000110000100110010100000100000000010
1110100000001000010100000010000100010100010011101000010100000100001000111010001000101000101000110101
0011011001100000001000011011000010011000100000100111001011001100101001001111111101111010011001101001
1110001000010110111000100001000010001001000010010010000101010000110010001100011100100001000100001111
0110010011100000010101000000010001000110110010001101000000001101000011000000100010101010000111011110
1001100111000011001010000001111001100011100110001111000010001010100011100000101001000110110000110010
0001010101010000000010100001010000110010000010000110010001100010001010101011001000000000100011000100
0100100111110101001000001001001101100110001100100111100100010110001000110110001000010010110011100001
0100010001111001001000010101001000011101100101110101000101000101100000100000110001011110010110010100
1100110000100001110110100000011101010100010010000010111011101001011110101101001010010011001101111001
0100101111100001000110101010001110100100001000000010000110001000010101000100110000010111101111100010
1100010010101000010000110110010000100110000000110000011000100000110000100010011001010010011101001111
1101101001110000000010000001100001111001011100111010101110100111010100001010100000110100010110000100
0000010000001000110001000100000001010011001110101101000011000111101011100001000010010000010101001000
0001100001111110100010001011100000010010000000110000110000011000100101111100011000111010110100000001
0011111100100101011010000101001000010011101001001001000100100010110010110010000110101100101001011000
0010100101010111010011001100000000000111000110010101111010000001000010100000001110000100010100101100
1000100000111110010000101100111001000100101011001010010011101100000111111111010101101000010011000101
1110011001110000010000010000010000100000111010101001100110000111100000001000100110000100001111110100
1010010100110001111000011010101001100011111000110000101110000011000010010000101101101100000001011100
1101000111011110100001101111001110110010001000010000010010101001000000110110101000000110101001000100
1101001001011100010000000011011100011100011001000001000110110101001001100001010010101110000101001000
1001001010110000000110010101100101010110101111000000110000001010100110100111100101001110101010110000
1110101110000100011000110010111011001001000000010000100011010011000011110010011000100101000011011011
0100110100111100100101000110111100110111101000010000001000110110000101110110100100001111000000000101
1110100011001001001010001100001001110000101110011001101000000100011101000011000010001001011101010000
0101110011000101100110000010100111010100011011000101110000000000100100100000011010010100000000001100
1000100100011110001100001011100000101001110000110110010011110000100100000010001010000010000000101110
0010100001110101010100100111011001110100100001101000010010101000011011011100111100001101000010010000
1010000001010110110001001100110000000010100011101000010100100000010100000001010000101111001110100100
